Z    1    2    3    4    5    6    7    8    10    12    14    20    30    60    inf
alpha_0    0.5061    0.4295    0.394    0.374    0.3618    0.3524    0.3454    0.3399    0.3319    0.3263    0.3221    0.3144    0.3081    0.3015    0.2945
alpha_0p    1.37    1.58    1.68    1.74    1.78    1.8    1.82    1.84    1.87    1.88    1.9    3.53    5.49    7.61    9.17
alpha_1p    3.03    3.21    3.17    3.15    3.14    3.13    3.12    3.12    3.1    3.1    3.09    3.52    3.97    4.41    4.73
a_0p    2.77    2.78    2.78    2.78    2.78    2.79    2.79    2.79    2.79    2.8    2.8    5.14    7.94    10.9    13
a_1p    6.72    6.7    6.47    6.37    6.33    6.29    6.26    6.23    6.21    6.2    6.19    7.97    10    12.2    13.8
alpha_0_wedge    0.1989    0.3285    0.4157    0.4794    0.5285    0.5676    0.5996    0.6264    0.6686    0.7004    0.7254    0.7757    0.8209    0.8727    0.9328
alpha_0pp    266    491    630    706    723    757    794    817    889    962    988    1060    1170    1300    1330
alpha_1pp    2.53    2.53    2.53    2.53    2.53    2.53    2.53    2.53    2.53    2.53    2.53    2.53    2.53    2.53    2.53
a_0pp    3280    3720    3790    3670    3370    3280    3250    3200    3270    3390    3360    3360    3520    3720    3540
a_1pp    3460    6690    8990    10200    10600    11100    11700    12200    13300    14700    15100    16200    18500    20800    21900
a_2pp    366    554    675    735    744    769    793    825    863    925    940    985    1080    1180    1180
beta_0    0.7029    0.9054    1.018    1.092    1.146    1.186    1.218    1.244    1.283    1.312    1.334    1.337    1.414    1.455    1.5
beta_0p    1050    1380    1550    1640    1710    1740    1730    1790    1920    1890    1920    2010    2090    2160    2200
beta_1p    6.33    6.33    6.33    6.33    6.33    6.33    6.33    6.33    6.33    6.33    6.33    6.33    6.33    6.33    6.33
b_0p    3710    3800    3800    3740    3720    3640    3530    3570    3740    3580    3580    3620    3680    3690    3650
b_1p    4110    7050    8750    9730    10700    11100    11300    11700    12900    13000    13300    14300    15200    16000    16800
b_2p    515    642    690    707    731    735    729    734    772    762    765    789    808    822    809
beta_0_wedge    0.8831    1.812    2.589    3.236    3.78    4.243    4.64    4.986    5.556    6.007    6.372    7.144    7.874    8.756    9.844
beta_0pp    2.54    4.4    3.77    3.43    3.2    3.05    2.92    2.82    2.7    2.62    2.55    2.43    2.31    2.26    2.15
beta_1pp    1.5    1.5    1.5    1.5    1.5    1.5    1.5    1.5    1.5    1.5    1.5    1.5    1.5    1.5    1.5
b_0pp    2.87    2.43    1.46    1.06    0.848    0.718    0.629    0.565    0.486    0.436    0.401    0.341    0.294    0.258    0.219
b_1pp    3.27    5.18    4.34    3.92    3.66    3.48    3.33    3.21    3.09    3    2.93    2.81    2.68    2.64    2.53
b_2pp    7.09    9.34    8.65    8.27    8.02    7.83    7.68    7.55    7.41    7.3    7.22    7.07    6.91    6.84    6.72
gamma_0    3.203    4.931    6.115    6.995    7.68    8.231    8.685    9.067    9.673    10.13    10.5    11.23    11.9    12.67    13.58
gamma_0p    6.18    9.3    10.2    9.14    8.6    8.57    8.84    7.93    7.44    7.32    7.08    6.79    6.74    6.36    6.21
gamma_1p    4.66    3.96    3.72    3.6    3.53    3.49    3.49    3.43    3.39    3.37    3.35    3.32    3.3    3.27    3.25
c_0p    1.93    1.89    1.66    1.31    1.12    1.04    1.02    0.875    0.77    0.722    0.674    0.605    0.566    0.502    0.457
c_1p    2.31    3.78    4.76    4.63    4.62    4.83    5.19    4.74    4.63    4.7    4.64    4.65    4.81    4.71    4.81
c_2p    5.35    7.78    8.88    8.8    8.8    8.96    9.24    8.84    8.71    8.73    8.65    8.6    8.66    8.52    8.53
gamma_0_wedge    6.071    15.75    25.65    34.95    43.45    51.12    58.05    64.29    75.04    83.93    91.38    107.8    124.3    145.2    172.7
gamma_0pp    4.01    2.46    1.13    0.628    0.418    0.319    0.268    0.238    0.225    0.212    0.202    0.2    0.194    0.189    0.186
gamma_1pp    2.5    2.5    2.5    2.5    2.5    2.5    2.5    2.5    2.5    2.5    2.5    2.5    2.5    2.5    2.5
c_0pp    0.661    0.156    0.0442    0.018    0.00963    0.00625    0.00461    0.00371    0.003    0.00252    0.00221    0.00185    0.00156    0.0013    0.00108
c_1pp    0.931    0.398    0.175    0.101    0.0702    0.0551    0.0465    0.041    0.0354    0.0317    27.1    0.0256    20.8    0.0202    0.018
c_2pp    2.5    1.71    1.05    0.775    0.646    0.578    0.539    0.515    0.497    0.482    0.471    0.461    0.45    0.44    0.43